./compare_times.py reference-times.csv progs/times.csv
stage1-1337: 1.4139090750424645% slower (+/- 0.009721755883554166 %)
stage1-42: 2.1628671974260985% slower (+/- 0.00919802431005325 %)
stage1-print-multiple: 1.064829381112361% faster (+/- 0.00960137179648513 %)
stage2-1-plus-1: 0.1280179869733535% slower (+/- 0.009147070165394823 %)
stage2-1-plus-2-plus3: 1.8585601713683846% faster (+/- 0.009631985013391657 %)
stage2-1-plus-5: 0.3564631562318071% slower (+/- 0.00947697318855278 %)
stage2-5-plus-1: 0.12002790881339404% slower (+/- 0.009098444989086001 %)
stage2-big-stack: 26.950492292413074% faster (+/- 0.009860724978448615 %)
stage2-overflow: 0.7874829780008782% slower (+/- 0.009132442496780907 %)
stage3-bad-order: 0.4518759545006315% slower (+/- 0.009523470832655399 %)
stage3-lots-of-ops: 488.41717991906216% faster (+/- 0.022261740798103488 %)
stage3-overflow: 7.684449439396444% faster (+/- 0.00947312358462745 %)
stage4-basic-division: 45.6393246224063% faster (+/- 0.009789619563685946 %)
stage4-lots-of-ops: 2681.0732295723524% faster (+/- 0.043907501505026036 %)
stage5-big-locals: 0.798197351252772% slower (+/- 0.009681887981959153 %)
stage5-local-test: 0.64356201817411% faster (+/- 0.008611981576710018 %)
stage5-local-test2: 4.351770455374411% slower (+/- 0.009684964302880178 %)
stage5-lots-of-ops: 3.718052708224221% faster (+/- 0.0794547819783923 %)
stage6-comparisons: 2.878459793086323% slower (+/- 0.009248126245464226 %)
stage7-bswap: 7.002177635460847% faster (+/- 0.010078129056408154 %)
stage7-count-to-20: 10.81356404376154% faster (+/- 0.009215763468865247 %)
stage7-count-together: 99.07510906219042% faster (+/- 0.018218547145080664 %)
stage7-count-up-down: 31.403952563244342% faster (+/- 0.010111255932715568 %)
stage7-digit-powers: 23.42296373179003% faster (+/- 1.7517326218223772 %)
stage7-double-palindromes: 20.329905846386815% faster (+/- 2.0336612926435635 %)
stage7-exponentiation: 55.86187307013242% faster (+/- 0.05669110546263318 %)
stage7-fizz-buzz: 2.6451799281712027% faster (+/- 0.028591484158963468 %)
stage7-lcm: 55.934053825919115% faster (+/- 0.20589474690506523 %)
stage7-loops-of-ops: 120.60023806474132% faster (+/- 2.0289939651706694 %)
stage7-pascals-triangle: 33.338923790292235% faster (+/- 0.05245833866284813 %)
stage7-pi-approx: 17.36117972664828% faster (+/- 0.02069276655440378 %)
stage7-pi-exact: 20.13368759768746% faster (+/- 2.930380979437945 %)
stage7-primes: 2.9795254043861625% faster (+/- 0.4580704897814874 %)
stage7-riemann-sum: 109.29739559921758% faster (+/- 0.5095436205880597 %)
stage7-sin: 26.753871449877707% faster (+/- 0.2500463545124483 %)
stage7-sqrt: 20.40019903501435% faster (+/- 0.01389077821292913 %)
stage7-square-digits: 27.981047428028162% faster (+/- 0.31670927501229007 %)
stage7-unhash: 122.13475139342557% faster (+/- 0.3668372157969695 %)
